[gd_scene load_steps=3 format=2]

[ext_resource path="res://src/actors/player.tscn" type="PackedScene" id=1]
[ext_resource path="res://start-assets/tileset.tres" type="TileSet" id=2]

[node name="Node2D" type="Node2D"]

[node name="TileMap" type="TileMap" parent="."]
tile_set = ExtResource( 2 )
format = 1
tile_data = PoolIntArray( 0, 0, 0, 43, 0, 0, 44, 0, 0, 65536, 0, 0, 65579, 0, 0, 65580, 0, 0, 131072, 0, 0, 131115, 0, 0, 131116, 0, 0, 196608, 0, 0, 196651, 0, 0, 196652, 0, 0, 262144, 0, 0, 262187, 0, 0, 262188, 0, 0, 327680, 0, 0, 327723, 0, 0, 327724, 0, 0, 393216, 0, 0, 393259, 0, 0, 393260, 0, 0, 458752, 0, 0, 458795, 0, 0, 458796, 0, 0, 524288, 0, 0, 524289, 0, 0, 524290, 0, 0, 524291, 0, 0, 524292, 0, 0, 524293, 0, 0, 524294, 0, 0, 524295, 0, 0, 524296, 0, 0, 524297, 0, 0, 524298, 0, 0, 524299, 0, 0, 524300, 0, 0, 524301, 0, 0, 524302, 0, 0, 524303, 0, 0, 524304, 0, 0, 524305, 0, 0, 524306, 0, 0, 524307, 0, 0, 524308, 0, 0, 524309, 0, 0, 524310, 0, 0, 524311, 0, 0, 524312, 0, 0, 524313, 0, 0, 524314, 0, 0, 524315, 0, 0, 524316, 0, 0, 524317, 0, 0, 524318, 0, 0, 524319, 0, 0, 524320, 0, 0, 524321, 0, 0, 524322, 0, 0, 524323, 0, 0, 524324, 0, 0, 524325, 0, 0, 524326, 0, 0, 524327, 0, 0, 524328, 0, 0, 524329, 0, 0, 524330, 0, 0, 524331, 0, 0, 524332, 0, 0, 589824, 0, 0, 589825, 0, 0, 589826, 0, 0, 589827, 0, 0, 589828, 0, 0, 589829, 0, 0, 589830, 0, 0, 589831, 0, 0, 589832, 0, 0, 589833, 0, 0, 589834, 0, 0, 589835, 0, 0, 589836, 0, 0, 589837, 0, 0, 589838, 0, 0, 589839, 0, 0, 589840, 0, 0, 589841, 0, 0, 589842, 0, 0, 589843, 0, 0, 589844, 0, 0, 589845, 0, 0, 589846, 0, 0, 589847, 0, 0, 589848, 0, 0, 589849, 0, 0, 589850, 0, 0, 589851, 0, 0, 589852, 0, 0, 589853, 0, 0, 589854, 0, 0, 589855, 0, 0, 589856, 0, 0, 589857, 0, 0, 589858, 0, 0, 589859, 0, 0, 589860, 0, 0, 589861, 0, 0, 589862, 0, 0, 589863, 0, 0, 589864, 0, 0, 589865, 0, 0, 589866, 0, 0, 589867, 0, 0, 589868, 0, 0 )

[node name="player" parent="TileMap" instance=ExtResource( 1 )]
position = Vector2( 210, 508 )
